//Защита
0
0
2
В линию
90; 274; 153; 274; 216; 274
По всей длине
65; 274; 153; 274; 241; 274
2
В линию
58; 274; 121; 274; 184; 274; 247; 274
В линию + активные фланги
58; 258; 121; 274; 184; 274; 247; 258
3
В линию
47; 274; 100; 274; 153; 274; 206; 274; 259; 274
В линию + активные фланги
47; 258; 100; 274; 153; 274; 206; 274; 259; 258
Либеро
47; 258; 110; 258; 153; 295; 194; 258; 257; 258
//Полузащита
0
0
4
В линию
90; 181; 153; 181; 216; 181
По всей длине
65; 181; 153; 181; 241; 181
Треугольник 1
90; 158; 153; 215; 216; 158
Треугольник 2
90; 199; 153; 158; 216; 199
4
В линию
62; 181; 125; 181; 188; 181; 251; 181
Активные фланги
58; 155; 125; 181; 188; 181; 247; 155
Ромб
58; 181; 153; 209; 153; 146; 247; 181
Квадрат
100; 209; 208; 209; 100; 152; 208; 152
4
В линию
47; 181; 100; 181; 153; 181; 206; 181; 259; 181
В линию + активные фланги
47; 181; 100; 181; 153; 181; 206; 181; 259; 181
Расстановка "M"
47; 202; 100; 160; 153; 202; 206; 160; 259; 202
Расстановка "W"
47; 160; 100; 202; 153; 160; 206; 202; 259; 160
//Нападение
1
В линию
153; 88
3
В линию
121; 88; 184; 88
Левый остроатакующий
121; 73; 184; 98
Правый остроатакующий
121; 98; 184; 73
4
В линию
90; 88; 153; 88; 216; 88
Остроатакующий
90; 93; 153; 78; 216; 93
Оттянутый назад
90; 83; 153; 98; 216; 83
По всей длине
65; 88; 153; 88; 241; 88
0
0;
