0
0
2
2
2
3
4
5
5
5
6
6
7
8
8
10
10
12
13
13
14
14
16
16
17
19
19
20
21
21
22
22
23
23
23
23
23
24
25
25
26
27
28
29
29
31
32
33
34
35
35
36
36
37
37
38
38
39
39
40
40
40
42
44
45
46
47
47
48
48
48
49
49
49
50
50
51
52
52
52
52
53
54
55
55
56
59
60
61
61
61
62
62
64
66
67
67
69
69
69
70
70
70
71
71
73
73
73
74
74
75
75
75
76
76
76
76
79
79
80
80
80
81
81
82
84
84
84
85
87
88
89
91
91
91
91
92
94
95
95
96
99
99
103
104
104
104
105
105
105
106
107
107
108
110
110
111
111
111
113
114
116
116
116
117
117
117
117
118
118
119
120
120
121
122
122
123
124
124
124
125
127
127
128
128
129
130
130
130
130
130
131
134
134
134
134
135
135
135
135
136
137
138
139
139
140
141
141
142
142
143
144
145
145
146
146
147
147
149
151
151
151
151
151
152
153
153
154
154
154
154
154
158
160
160
161
161
163
163
164
164
165
166
166
169
169
169
170
170
171
172
172
172
173
174
176
176
177
177
177
177
177
178
179
179
179
179
179
180
180
182
182
182
183
183
184
184
184
184
186
186
187
187
188
189
189
191
192
193
193
194
195
196
196
196
197
197
197
197
197
198
198
200
201
201
203
204
204
204
205
205
205
206
208
208
210
210
211
211
211
212
212
213
215
215
216
217
218
218
219
219
220
220
221
221
222
223
225
226
227
230
230
230
231
231
231
233
234
234
236
236
236
237
238
238
238
239
241
241
242
243
243
243
243
244
244
245
246
246
247
248
248
248
249
249
249
250
251
252
252
254
254
254
255
255
256
256
257
258
260
262
262
262
262
265
265
266
268
268
268
269
270
271
271
271
273
275
275
275
276
277
278
278
280
280
281
282
282
283
284
284
285
285
285
286
287
287
287
288
291
291
292
293
295
295
296
297
298
298
298
299
299
300
300
300
301
301
304
304
305
306
306
306
307
308
309
312
313
315
315
315
317
318
318
320
322
322
323
323
324
324
325
326
326
326
327
327
329
329
329
331
333
333
333
333
334
334
335
335
336
336
339
341
342
342
342
343
343
344
345
346
348
348
348
348
349
349
351
351
351
353
354
354
354
355
355
355
356
357
357
357
358
359
361
363
363
363
366
367
367
369
369
369
370
370
370
371
373
373
374
375
375
376
376
376
377
377
378
378
378
378
379
380
381
381
381
382
382
382
382
382
382
383
384
385
386
388
389
389
391
391
391
391
393
393
394
394
395
395
396
397
397
398
398
399
399
400
401
401
403
403
403
404
404
404
404
405
406
408
408
409
409
409
409
410
410
410
412
412
413
414
414
416
419
419
420
421
421
422
424
425
425
425
425
426
426
427
429
430
430
431
432
432
433
433
434
435
435
435
435
438
438
439
439
440
440
442
442
445
445
445
446
446
449
449
450
450
450
451
452
452
453
453
453
453
454
455
456
457
457
457
458
458
460
461
462
462
463
463
464
464
464
464
465
465
466
467
467
467
467
467
467
468
469
470
470
470
470
472
472
472
472
473
473
474
476
476
478
478
478
479
479
480
481
482
482
482
483
484
484
485
485
486
486
487
487
490
490
490
490
491
493
494
494
495
496
496
497
497
498
499
499
499
500
501
501
503
503
504
504
505
506
508
509
509
509
510
512
514
514
515
516
516
518
518
518
518
519
520
520
521
521
521
521
522
522
523
523
524
524
524
524
525
526
526
526
527
527
529
529
530
530
530
531
532
534
535
538
539
540
540
541
542
542
542
543
543
544
544
545
545
548
548
549
549
550
550
551
551
551
553
553
553
554
554
558
558
558
559
560
560
561
561
561
561
561
561
562
562
564
564
565
565
566
566
567
567
571
571
571
572
572
574
574
575
575
575
575
576
577
577
577
578
578
579
579
579
579
580
581
581
582
582
583
583
583
584
584
585
585
585
586
587
587
587
587
587
587
587
588
589
589
589
590
591
592
592
593
594
596
596
596
596
597
597
597
598
600
601
601
601
602
602
602
603
603
603
604
606
608
608
608
608
608
608
609
609
610
610
611
612
612
614
614
617
620
621
621
623
623
623
624
625
625
626
627
627
627
629
630
630
630
631
633
633
633
634
634
635
635
635
635
636
636
637
638
638
640
643
644
644
645
645
646
646
647
648
649
650
650
651
651
652
652
653
653
654
655
655
655
655
656
656
656
656
657
658
658
659
659
662
662
663
663
663
664
664
665
665
666
666
667
667
667
668
669
670
671
672
673
674
675
675
676
677
677
677
678
679
679
680
680
680
682
684
684
685
685
685
685
686
687
688
688
688
689
689
690
690
691
692
693
693
693
693
693
694
695
696
697
697
698
699
699
700
700
701
701
702
703
703
704
704
705
706
706
706
707
707
707
708
709
709
709
709
711
713
713
714
715
715
716
717
719
720
721
721
721
722
724
724
725
727
728
728
728
728
728
729
729
731
732
732
732
733
733
734
734
734
735
736
737
738
738
738
739
742
743
743
744
745
745
746
746
747
748
748
750
751
751
751
751
752
752
752
752
753
753
756
756
756
757
760
760
761
762
762
763
763
765
765
766
767
768
768
768
768
768
768
768
769
770
770
772
773
773
773
774
775
777
777
777
779
779
779
779
780
781
781
781
781
781
784
784
784
785
785
785
785
785
786
786
787
788
788
788
788
788
788
789
791
792
792
792
793
794
794
794
796
796
797
797
798
799
799
800
801
802
803
803
803
804
804
804
804
804
805
806
807
807
807
808
808
808
810
810
812
813
815
816
816
816
817
817
818
818
818
819
820
820
821
821
822
822
823
823
824
825
826
826
826
826
826
826
827
828
828
829
830
834
835
836
836
838
838
839
840
840
840
841
845
845
845
847
848
848
849
850
850
852
852
852
853
853
854
854
855
855
855
856
857
857
857
857
858
859
860
861
861
862
862
862
863
864
864
866
866
866
867
867
867
868
869
869
870
871
871
873
875
876
877
877
877
877
878
878
878
879
879
879
880
880
880
881
883
884
886
887
887
888
890
890
890
893
893
893
894
894
895
895
895
896
896
896
898
898
898
898
899
900
900
900
901
902
903
904
905
905
905
906
906
907
907
910
910
911
911
911
912
912
914
914
915
915
915
916
916
917
919
921
922
922
922
922
923
924
924
924
924
925
926
926
927
927
928
928
928
929
929
929
929
931
931
932
932
932
932
933
933
934
934
934
934
935
935
936
938
938
939
939
939
939
940
941
941
941
943
943
943
943
944
944
947
948
949
949
949
949
950
950
951
952
954
955
955
956
956
957
957
957
957
957
957
957
958
959
959
960
960
962
964
964
965
966
966
966
966
968
968
968
971
971
972
973
973
973
974
975
976
976
976
976
976
976
977
977
978
978
978
978
979
979
980
980
980
981
984
985
985
985
986
986
987
987
988
989
989
989
990
990
991
991
992
992
992
993
993
993
993
994
994
996
996
997
997
